1 0.4921875 0.6265625 0.14296875 0.1203125
1 0.38984375 0.18515625 0.08046875 0.03671875
2 0.696875 0.4453125 0.075 0.04296875
2 0.571875 0.275 0.0921875 0.05
2 0.38515625 0.26171875 0.11953125 0.0296875
2 0.2953125 0.38984375 0.125 0.03984375
2 0.58984375 0.20703125 0.04453125 0.03984375
2 0.60625 0.14296875 0.04140625 0.046875
0 0.30859375 0.84296875 0.31328125 0.146875
1 0.28359375 0.553125 0.1609375 0.09296875
0 0.228125 0.453125 0.28984375 0.0796875
0 0.871875 0.28203125 0.14921875 0.08984375
1 0.8265625 0.2265625 0.0953125 0.03359375
1 0.803125 0.19296875 0.07734375 0.03359375
1 0.771875 0.1703125 0.06875 0.0265625
2 0.75078125 0.15 0.05078125 0.0265625
1 0.71953125 0.078125 0.059375 0.0234375