0 0.64609375 0.73984375 0.3390625 0.50703125
0 0.309375 0.425 0.328125 0.4234375
0 0.5796875 0.10703125 0.078125 0.1203125
0 0.46953125 0.028125 0.1203125 0.05
0 0.34375 0.01171875 0.08515625 0.0234375
0 0.3265625 0.071875 0.0578125 0.06328125
1 0.54765625 0.225 0.09921875 0.08984375
1 0.6515625 0.33828125 0.0734375 0.15
0 0.71640625 0.28203125 0.078125 0.103125
1 0.76171875 0.44296875 0.04921875 0.09296875
2 0.896875 0.478125 0.053125 0.08984375
2 0.6859375 0.1015625 0.03515625 0.03671875
0 0.446875 0.09296875 0.06875 0.03984375
1 0.64140625 0.0453125 0.03984375 0.05
1 0.57890625 0.01796875 0.0640625 0.0359375
2 0.471875 0.9015625 0.08828125 0.15703125