0 0.3953125 0.66640625 0.16328125 0.1265625
0 0.0546875 0.453125 0.10859375 0.0734375
0 0.36484375 0.43515625 0.05078125 0.03671875
0 0.69140625 0.846875 0.16328125 0.2
0 0.4921875 0.56328125 0.08046875 0.06640625
0 0.67578125 0.65859375 0.19921875 0.096875
0 0.57890625 0.65703125 0.00546875 0.00703125
0 0.66640625 0.30703125 0.09375 0.03359375
0 0.6203125 0.36328125 0.0546875 0.03984375
1 0.66484375 0.3796875 0.02421875 0.0203125
1 0.6203125 0.5265625 0.0390625 0.03984375
1 0.74609375 0.53203125 0.1140625 0.103125
1 0.78984375 0.4296875 0.05625 0.06015625
2 0.75703125 0.36640625 0.028125 0.0203125
2 0.6296875 0.396875 0.028125 0.01328125
2 0.45 0.33359375 0.01484375 0.00703125
0 0.528125 0.3 0.0546875 0.0203125
0 0.4046875 0.2765625 0.03203125 0.01328125
0 0.58359375 0.24296875 0.0453125 0.0203125
1 0.553125 0.25859375 0.0375 0.01640625
1 0.74375 0.4546875 0.046875 0.0234375
1 0.6015625 0.2234375 0.0203125 0.00703125
2 0.7796875 0.23515625 0.0171875 0.01015625